4948841957
11389684401
3806810443
10960824994
3806810442
366451136
4875814758
366401316
2340037589
411919410
4875861250
10046800715
2690659614
4646769645
411926698
5350682982
411926700
5772101027
411925917
366382100
5765073605
366474984
11363982568
5467216157
1894612406
366410861
11361818116
5721686017
5721686016
5721686015
10792191361
8995743760
11414869169
9404173934
9404173935
9404173930
9404173931
2036141704
12181658673
411926508
411926415
411926532
411926559
411926160
411926477
411926344
411926016
411926363
411918842
411918844
411926343
411925966
2291062340
1671468479
711335740
3717158280
3638268672
5724654562
3700550788
10959164551
5213699008
366446893
2293477506
11234993319
11234993318
366417361
2293477505
3654067017
366431746
11405988031
5873236320
366404398
366427287
2214339206
4541470630
5462156836
366450497
2077773728
2077773917
676568903
366406232
5721685976
676568905
676568906
5435412019
5725018956
2072605305
2072605346
2074208764
4948841957
759599258
4936385088
2072605244
366404401
2077773901
4001737133
741845249
366467140
366370841
2686025237
3807705417
4440166372
3807705412
4851135950
5719731388
4067989304
11891917326
11891917327
11891917341
6461552352
6461552354
366467336
1671468777
366445900
5738102590
366400198
5733269529
696860102
11098799676
5736009979
366476912
366469312
5755175894
366418591
366432300
366411711
366458462
366458024
12320753206
5778872968
5350664362
4989081992
411925963
6637081017
411926705
366423565
12310895540
2351201590
676561493
676561490
676561493
1998235282
1998235262
411926028
411925984
411925985
2403044880
4673706004
366389762
2403042641
676534735
729523394
1497276531
2030638872
729523383
1497276532
729523388
2030638615
2030638570
2030639174
701671562
12050754961
12307718619
12307718620
10118771783
10118771782
2351201577
12310895539
4099242263
1769692389
2403047190
411925987
2037756039
10765339999
10810816106
411926580
411926578
411926523
411926465
411918912
411926585
2036596690
411918898
411918058
411925946
411926604
411925942
411926554
411926164
411926212
2664205599
411924053
411925926
411926667
411925919
12157150905
411926609
411925922
11135547226
2364030596
8995419797
2393618251
411924874
4612970101
411918706
2393614146
411926551
2393614152
411926563
